1.56206298925882
0.016925286428597
0.05832723089338
0.187785349375856
0.645712643540881
1.51896549433302
0.028414757204142
0.089612740404527
0.284009932023204
0.929568143591987
1.15567014143605
0.542262070571814
1.69622542910729
0.002669514615118
0.00896126720854
0.029157768581444
0.103910470936815
0.32051470312299
1.12352040144695
0.634132534752718
1.64576655445798
0.005771699818287
0.018447835986633
0.059901075321627
0.2060910175607
0.713062143848434
1.63267092512219
0.006731426215644
0.020612906326803
0.065420943746284
0.208509630311348
0.736220126956686
1.64446708111531
0.006165824444627
0.019543952704059
0.065249852965394
0.208553517703793
0.665823620907075
1.66671653881449
0.004074433021296
0.013626236020209
0.044237918379459
0.152152152787905
0.463869886646308
1.45929276793982
0.057385815015026
0.192998636996482
0.712072845523192
1.57425719603212
0.015431016048974

